200
25968 28434
28459 78949
28194 39195
73503 98273
44322 77563
33902 94345
66569 93493
28874 37983
87905 96516
87953 99183
40562 92934
17683 85946
1112 21265
47008 93222
25123 59486
76633 95288
79220 99730
20156 50162
65056 71455
63841 75128
18667 99867
11760 71129
83060 93470
6166 34072
47159 84783
65409 85797
26871 99161
2532 42484
91652 92928
5247 95589
77768 99570
60787 79533
13320 77780
40607 88999
60318 98085
41925 50297
70859 75148
35776 75847
36696 53941
22098 96560
33733 84522
51271 72271
7965 85011
64955 76883
33335 41669
35804 88471
97084 97796
3742 60106
58597 86068
63795 64989
91228 93866
96337 96767
50768 61602
84830 94224
23890 62194
12560 17132
81074 95693
53856 83818
82826 87113
83773 94860
66709 70536
91679 93022
60828 63141
24991 67223
29708 70387
57929 63185
4945 56528
24594 40477
92489 95468
5398 22994
73441 84967
34795 37017
30452 74187
36159 51275
11196 26740
95664 97767
63011 97885
82909 95044
29128 56158
67737 77846
86740 97176
52669 64227
82949 83157
79222 87062
39360 91225
56526 66271
23261 59254
44452 64187
16318 36728
14359 44056
77512 99668
35979 82562
75010 83313
24622 48747
27909 99750
18058 51767
24900 74562
19051 58295
8832 46633
94865 96338
79481 88915
57935 61828
30930 78521
30507 46718
25116 81091
36951 92306
10240 49300
30900 63636
25791 68564
2234 14990
35795 49293
7100 78786
98410 98738
2169 77087
20314 89959
25035 40779
68897 89772
2011 88149
10701 70757
85056 91080
86578 96943
3716 58955
99664 99893
32673 60313
5298 78953
96941 98301
13171 44763
7403 58978
6743 87112
42495 68861
43587 93732
42797 95785
51693 64170
20929 71400
44224 46932
17471 77447
20959 44427
41897 62027
59503 85456
88163 94325
88150 95300
80188 85525
83283 98486
51346 67026
36582 92907
12188 62252
71309 79418
42737 93259
82239 88801
55051 70098
81481 91820
35270 89013
6073 19721
63863 93338
38023 82062
68659 77408
93750 99683
39523 99992
45823 71540
93131 93940
63 21634
25096 64461
49288 81659
9602 56207
56743 59283
79692 91985
44941 84341
75831 81469
31501 61478
63556 88910
5414 90930
39614 69330
86401 93689
56506 85437
29323 40531
3153 93535
34191 43372
12238 86071
26953 81815
96502 97505
30237 58284
19848 57869
21856 77501
96769 99216
58394 97723
47265 50977
31182 83438
88584 99339
8419 29929
10368 48563
5883 43842
29476 97405
31542 75168
54284 75054
35629 75764
14328 79354
37824 68583
33316 59939
37344 54708
9590 54132
