500
24681 43540
95355 99444
63183 91205
96398 98512
65938 84141
10268 31971
88368 96778
56522 97709
96891 97965
34346 44231
57648 62529
63918 97622
68622 97178
95456 99700
98883 99898
94606 95504
11604 27587
79591 82710
7512 49511
66881 76287
92256 94842
83031 86534
94544 95571
81957 83696
849 10406
20949 76346
34389 41731
60765 95914
62808 64097
72943 81363
40386 45078
89633 93832
20488 93858
19379 82644
74802 77107
68196 79101
13899 31703
70252 87186
1239 16502
71705 79924
40039 59874
33480 66876
66841 89134
25570 59731
1218 49903
42653 56054
24521 99447
69814 94872
42076 42143
76257 99735
42834 61012
9640 86854
26628 61218
21350 74155
30180 76728
74763 81408
40858 58681
94136 99104
6517 64760
54006 90768
21024 43679
68642 70779
76373 85234
92920 94606
15312 60200
99881 99923
30937 33050
61113 92556
99270 99461
42002 69567
31362 94653
16849 81753
77709 80098
11824 16722
20555 57327
22585 58977
81294 88694
68659 71540
90828 92050
67094 93290
50743 58071
21072 92530
49684 52748
62216 81705
85496 97989
20457 51735
17195 59878
26146 78329
30607 54709
18852 37633
68194 82156
83384 95924
82244 97319
65884 98671
29831 71389
94656 97112
59363 63826
91634 98164
68962 92744
3990 61275
2634 62892
81766 88475
17004 75456
74810 79524
1896 9019
55481 56820
47220 99342
74552 77904
60875 90121
61898 64741
36651 81278
74311 82658
15094 61679
21448 56538
34311 87011
66440 96692
49065 69173
32512 76129
98523 98815
98534 99069
31141 85196
37158 44438
83365 83893
76162 94044
85453 88756
15799 57648
88449 94519
39395 40710
7638 78051
40369 78597
28740 39886
58618 87705
37674 93425
96389 99371
90931 91401
53113 86481
37432 59069
33984 58610
78671 94283
1159 2922
69337 87144
64935 97242
48789 97894
59925 98121
35798 48527
7500 91471
69175 86919
395 6795
34745 87363
7230 44232
5102 74476
69372 83783
14021 80737
95510 99902
81757 95157
2307 32822
55908 62073
38871 94130
2634 33744
44977 48407
91113 92048
99140 99494
15999 17586
18477 47804
62166 90552
11865 91500
6542 51438
4793 33977
89006 94010
44706 56350
66684 72802
75452 95797
7657 32106
98714 98741
1896 92740
29580 85531
59730 91399
89585 99223
54359 83757
39301 96326
88815 93642
29371 61976
89424 99202
82789 87932
20613 98121
20496 68187
58176 88828
18144 40314
52926 85098
22073 46361
92899 95388
48519 51098
65992 68448
27519 52939
23784 91785
35498 96712
10729 65765
6839 93386
71843 98773
9123 34627
67100 99765
45549 47765
5619 43265
40509 50554
1917 11498
37994 70726
43168 93967
95146 96517
60240 69875
78082 87448
36072 65011
11322 59836
96538 97538
69271 74923
33967 84608
8976 95073
61286 76123
50326 52328
87231 90710
76 8883
12556 40325
20817 89631
34158 38068
31426 62402
89610 96462
66325 79255
81979 93903
78236 80893
35973 67453
64150 91139
72313 82737
91336 95131
90962 97821
27436 40192
60366 77134
16980 62967
23464 56633
35908 64083
92684 99966
53846 59225
90383 92602
42672 46928
89462 91619
51568 76557
15301 79446
59527 65169
82111 85246
77520 95083
14374 64153
15543 76003
63695 69828
29865 65201
94253 94728
91606 93768
17758 76736
5994 67273
96170 98465
15588 70366
91341 99150
65167 74911
14431 50656
39603 67482
41253 71386
95486 95901
91154 98010
98300 99580
14372 48403
94656 98522
49347 98848
98285 98345
78453 84356
50803 72634
89951 97837
46448 52482
99109 99321
84659 95335
492 43950
39340 83714
30905 46127
13012 60579
17310 50238
54372 54515
35749 38444
41279 74117
37078 75015
83005 83628
87723 89069
57373 86272
22177 62860
77811 95364
40070 61916
65116 90542
64923 82761
41580 72329
8845 27043
53467 93521
85361 87667
40267 94939
66685 81482
15226 93981
28229 72317
31817 78077
54042 62087
77945 85207
13008 22656
91920 94242
37493 93746
33395 56900
75468 78107
62170 79151
1249 21196
13825 87843
20588 62662
65348 67340
35758 57983
20077 42898
56320 79817
13828 19632
17168 79232
28232 55343
65982 76954
99492 99550
74212 93757
89530 92187
32010 48357
1219 45380
60536 85313
85236 90312
4815 64079
63604 90320
72662 84835
63957 75966
12126 33729
6931 11795
68169 99078
79881 97914
89300 99106
13773 37008
81584 83785
99429 99580
83016 84021
38789 87073
45059 99762
55875 75307
26147 59905
91494 98524
40329 98811
63706 78249
37387 43471
51911 98953
37113 50645
55821 75523
53857 84282
34461 60763
69598 83065
83958 91195
75912 95088
50893 56979
17360 74396
6905 24610
24851 72436
75729 90251
29830 44552
85926 96157
79933 85459
83875 92487
40260 87226
18426 86850
2182 82033
76456 94364
89663 93177
71346 85753
81786 85828
40376 72834
46640 78068
94452 97925
79579 84093
2013 52815
94639 95979
12495 89508
52515 65144
71464 99597
4864 66097
60589 95282
30188 56634
9491 85635
52116 79155
92374 96096
81814 95558
52711 91940
9767 56809
61866 84735
81587 83555
40496 50643
82043 94359
87282 97726
36765 45247
53978 86697
47488 78300
22633 71024
78025 92054
67786 71894
71887 71982
73805 79002
42012 88198
33456 71178
11581 21145
77467 80829
97186 98620
59246 96208
80067 98692
46141 58004
29067 80855
75725 77304
23528 67016
16208 63690
54564 78572
5152 65717
39784 62554
53796 89051
81147 98092
25577 31661
66672 73986
79303 80326
47700 61377
84572 93361
84433 98821
49159 49186
72785 82502
21182 82146
63674 86383
39927 47734
3791 78028
92520 93277
80954 84800
60752 97875
31283 68380
60161 68301
51746 84375
68834 72285
21783 24098
83232 86892
59852 79537
74119 83686
63585 76312
75776 78919
6246 42345
34479 80549
82777 98008
48690 75517
86898 94365
23438 93213
58288 65895
72849 88104
92410 98885
78193 88187
12024 77249
28111 50059
44287 92488
45578 53635
28587 50139
96783 98768
84504 94361
32536 56322
15491 26005
91104 94237
16891 26908
82626 98712
63496 87706
19225 98757
51549 93989
63405 67445
52443 71689
24501 63050
72110 74869
9354 27632
58600 88326
37908 82836
19480 91520
85307 95282
55081 99958
4060 57562
87368 97891
98470 98856
88875 95503
34883 39035
92770 95324
29812 81698
96443 99450
60809 72498
41322 80099
18707 18850
6673 36200
95285 95715
50980 86895
98402 99514
30646 76042
90788 96906
77525 84240
78563 92044
