100
770 846
768 829
143 288
77 922
811 912
762 824
485 698
516 801
658 870
488 798
322 549
93 720
480 804
676 850
583 823
545 663
623 813
589 629
675 928
519 907
103 871
798 894
916 977
269 696
524 606
464 837
593 830
707 833
132 333
803 831
882 938
548 891
783 820
964 964
519 932
900 976
906 997
521 664
266 542
412 755
212 619
64 442
221 690
684 830
604 697
119 466
833 928
338 551
710 982
59 68
921 998
637 943
258 334
735 863
485 685
746 892
436 718
330 763
278 644
758 917
208 741
954 978
768 930
697 771
447 821
81 711
858 971
1 616
249 475
899 987
961 982
284 907
922 932
620 873
650 915
613 932
102 236
485 497
100 713
716 800
506 603
416 746
360 908
131 687
242 275
29 382
893 937
717 812
803 897
920 945
89 542
437 590
827 958
391 432
884 980
957 994
628 881
272 904
258 714
1 609
