800
66525 85529
69953 73154
1596 38773
28911 67500
12483 42104
28919 56220
56922 81977
41694 66037
15470 88627
34785 41384
37907 85171
30763 91605
72760 97083
22290 33988
85202 98428
5603 86394
16134 67890
57948 60946
61659 75297
89992 93459
41786 89278
29783 55530
72073 82527
91998 99030
94256 95742
50532 83364
9524 57417
36251 93352
39349 68447
13991 46276
38265 60583
61547 73237
40350 90301
43396 45383
43892 91566
97384 98193
83271 86614
6097 97319
8150 14949
63239 67214
34535 54431
19075 85717
25318 60085
87133 93537
36649 74780
1709 40402
48333 92420
86583 90704
92343 92689
73674 76186
49667 65054
61729 62198
81617 84327
86733 98892
74450 94499
87965 96006
81081 97904
68207 99781
21251 82633
89623 97898
32712 60473
23434 96142
61395 96082
33810 81801
75178 92536
26257 64328
56008 95710
56475 61939
71560 94557
37415 82884
21189 63801
46936 47940
91188 96863
47900 77027
78288 91682
32856 50875
15585 48179
12094 24685
12260 54249
73898 93351
58549 97268
82972 98043
31108 66951
44260 50412
22365 36208
30315 76588
68557 90788
18063 61218
3436 58996
98881 99643
22835 63461
43361 90393
60900 94734
2214 14458
21635 98310
29 53071
54023 74220
7754 7860
35311 78561
95376 97862
62782 97418
77458 94494
87046 98209
38532 39633
6449 67367
77058 86720
5025 60363
60278 69128
80322 84581
58246 99359
24125 89745
73702 97110
12573 38267
51992 92891
3755 55527
11627 87037
76665 91381
25995 49989
83409 88738
42652 78079
34008 39273
45668 93471
75258 87023
7381 49136
65445 76454
49739 99408
10223 84356
51154 56843
73894 85178
64742 72971
86311 96019
88161 90241
12949 68977
47141 80129
38317 65347
89637 97166
32391 91471
92567 99299
75713 78526
7428 21751
50384 63872
23433 93031
3292 36801
6793 17161
69375 74943
54593 88930
88681 98978
1312 82151
10788 70274
40932 44800
83758 93815
7148 11550
5898 96881
85105 93966
12877 46397
23860 28952
45624 56364
18402 91043
51100 53497
11693 67536
9144 52916
9123 47769
33700 56833
34904 55533
86183 99846
22135 40137
72853 82264
90670 97449
99524 99601
29764 99010
19495 78944
83634 93630
90978 91759
26182 59574
15498 85927
12473 63005
88214 92538
19901 31699
59905 62161
21484 79893
33126 75319
68553 72920
18459 72438
74188 86012
16030 96214
74660 95381
41487 80338
68950 97346
64477 99953
19134 33259
30289 73932
35370 75251
63346 97500
58994 68009
75004 97726
36955 97163
78997 87184
60669 94945
86780 92331
69329 74569
11172 26690
71131 80186
75888 86899
99772 99775
71398 97142
30879 36343
61688 71415
17331 48937
54637 90410
37903 75156
7343 81480
77525 77858
6898 40763
85952 95847
11575 51858
16262 56379
70735 84822
73249 95117
11094 65139
33527 76775
91789 93033
33458 33968
69408 76228
62257 72360
38118 93630
69370 70188
99270 99867
97419 97826
38182 96958
22279 87101
31836 38884
70356 95104
11312 20241
54131 92080
2893 10372
39687 54110
17155 33519
37319 93430
1489 53429
98910 99865
26395 27577
21051 31471
31945 35207
53587 98073
28564 86202
18919 72394
2300 34560
77434 83408
74743 94319
74389 98742
65095 66683
32288 93411
17303 75087
98520 99572
7040 60926
44872 96805
70728 84453
58671 96627
58605 88171
83433 96027
17764 21243
12361 61131
4456 10976
99398 99751
78709 86926
9541 52531
96091 96268
74923 77140
93905 95717
27449 50640
59232 91709
9392 22233
31027 57384
77638 81580
46602 63886
77703 92158
11675 94395
55317 93557
16983 23818
30506 37720
69310 80979
82886 90392
86484 97179
13825 48710
21956 84928
94482 97494
23323 64483
38004 69395
56882 69402
73202 78101
73043 88026
32250 53998
20516 61896
3533 5772
24287 54086
60668 86590
91049 91125
88240 89284
27787 80179
85660 87539
69443 84206
21301 59649
16748 38434
29809 65705
8223 81091
60326 85053
70089 71652
38539 79611
26985 43732
20228 60156
97161 97319
20823 87660
56754 86570
12824 74903
89704 96437
59144 83997
65332 73060
42210 77731
84733 94162
10795 80873
26418 53322
39312 74624
10490 36893
52515 54937
18170 23894
4030 76647
36666 46406
83570 89210
51535 70860
98280 98973
92975 93789
10109 55252
21461 34456
44941 47753
52150 96699
86704 87589
38769 51895
61715 84925
11198 15504
65653 82008
39479 41200
52572 55175
33691 97671
71128 96644
99058 99243
97731 97732
47335 86600
33711 43726
72181 87687
43856 84669
42597 61049
39255 50625
73905 81562
23707 50336
52872 57646
63074 64190
31123 54199
32529 61848
44463 87572
69237 82716
23300 95754
88404 89901
89680 94543
19172 64648
94970 97686
33831 53411
74354 89214
99411 99421
66903 92822
77561 92606
36025 94044
41190 64263
7124 56912
41625 78598
22068 68509
26339 96038
12421 17097
82109 93132
94799 99647
17998 93605
112 57337
32378 69917
20295 62554
60625 76541
17489 72509
61774 91202
15210 53753
89959 96930
54458 80858
48032 68502
37063 55740
85473 95546
97668 98936
35043 71063
51957 90391
67692 96708
36806 53901
85201 92350
4024 69069
19096 33496
3705 39552
89267 92004
92114 98879
1072 81135
98070 98154
82186 93904
82515 99263
36504 60147
81460 84776
3778 86112
12340 24633
83755 92216
33102 39543
87009 95840
24770 69063
87395 92387
84660 98187
60228 97964
77177 98575
90457 96024
75700 76404
8478 69745
62524 78212
34078 44029
53004 91057
24015 94486
57308 82837
53279 89710
76088 84122
81431 92637
98205 98772
97703 97821
88415 99631
18326 62735
60071 82698
99335 99346
18337 67371
80898 90821
12516 35888
84138 92410
43416 77827
20543 59893
42694 48073
21565 28729
8766 50313
65788 66610
18461 63238
60760 74430
9300 53905
13383 80132
99412 99563
98487 99246
91170 95689
23523 65034
71700 87645
41759 82671
74499 92368
76537 79528
97893 99680
89350 89776
74928 83980
78624 91173
17163 40215
8269 33006
31928 70805
56428 58396
35321 66678
90088 95584
46779 84209
30258 99319
40646 54372
4998 71372
41351 85364
69239 73588
97055 97645
39037 99512
6583 42735
98419 99152
11614 95197
48320 97533
73516 92529
69898 83638
10811 13652
47670 72401
95152 99932
13667 60069
25046 34145
63132 97914
21404 93703
85664 99560
45071 59443
65119 76645
88273 95522
30238 61049
51921 81863
99281 99530
5993 88338
12859 21835
8900 94876
8575 9949
31765 61451
48879 61317
29410 44669
8709 24207
25875 48099
8707 98285
74240 86143
65734 89781
84982 99268
16213 43253
91476 97169
25822 75681
34558 64665
85315 90684
81305 99747
71601 74904
20209 32566
1926 39637
61165 69366
20190 45203
19676 71528
88518 97908
18336 25190
39064 57034
34602 55827
80378 90442
79412 94768
17952 75575
25068 51470
390 65518
31432 63054
12989 64533
20043 81788
35471 55022
55576 83568
46973 57044
73547 78636
41314 76136
74396 98093
18184 91135
86062 97798
14242 95108
94553 95529
47664 59962
62032 87305
15074 66895
78530 95030
19320 57124
84725 96569
67358 92384
12204 98154
41571 92071
48045 59350
56509 64403
90523 96059
55303 82486
91339 93109
91504 98225
33091 59231
12975 65688
92311 93586
61045 94836
64679 86606
66752 81777
5697 23471
56922 94442
34070 99320
46601 66578
82039 87129
25657 96868
88534 89793
73532 74335
67499 80799
23612 81469
79770 91601
71738 74152
27943 72866
10203 83294
72970 75004
40201 62177
87949 93111
35075 98377
30409 98192
19741 79431
38905 92932
62998 68798
58808 78789
91558 97219
3550 79519
67340 78435
60697 78736
42299 90197
44052 95151
82590 85524
30954 82143
85881 88341
17996 71402
18499 27130
8090 13145
60953 65322
47258 76641
25524 55310
2365 30583
29099 56659
40953 90355
57229 93428
76421 93379
56115 99998
47033 61380
48713 85903
65492 97086
12428 77048
77584 81640
24682 40008
76580 77801
8509 43410
49336 54507
9328 61436
49506 68889
53 74361
91584 92239
51551 88191
27005 84765
16076 68232
70518 81008
20164 21082
88653 97365
22208 73371
59756 87815
85122 98403
37787 61247
34434 77231
91277 96920
9677 69520
67171 88286
39432 43658
62139 94222
27546 66792
2411 90615
81566 88174
7056 87375
21132 21939
98915 99302
21283 43286
74259 97396
50599 77008
62528 91724
83840 99497
13544 47163
25034 66081
99884 99923
19628 89081
98609 98654
80144 95336
89367 94174
44944 64718
29203 30477
49461 99503
36337 67435
40199 54056
67221 91471
95172 95380
67205 67374
26203 77114
85882 93077
2870 85257
23113 47301
83073 87238
1238 44791
46106 65672
10971 33458
32188 76103
30463 85225
60385 61429
87529 95973
37009 72018
15133 19258
69562 99820
5668 58337
30166 31074
26355 26609
29587 44318
79094 97408
41987 48146
36237 38285
29835 45407
83089 96909
52206 80682
2848 73180
94038 99150
75199 81959
55174 83944
71055 72136
64781 70809
34517 37167
50074 97434
61500 80348
90061 97988
57066 99880
69168 76248
2112 85220
84749 88038
92232 96716
63878 74326
32203 95496
11459 48428
75615 88390
39520 64398
26782 64165
48123 68086
36530 80251
74280 94860
2240 87486
85960 92193
3257 22403
75078 88742
68793 88525
14383 35753
57293 99180
91062 92562
99722 99913
83083 90389
10828 28321
1572 70647
549 24737
31207 77678
99532 99858
15509 84130
10995 70044
63600 93339
29918 50320
42495 46041
833 79471
12782 51975
77682 79865
42448 87826
32079 74542
57110 85646
93005 99128
26628 66070
62936 88452
14255 98193
4829 59240
71393 85852
87266 95753
39581 57702
66237 83669
5287 58060
78180 93536
53407 83060
51150 67819
23713 49385
77896 83205
55507 68832
82849 99775
32011 78627
29957 79037
15943 99350
82443 99547
51511 82126
20548 43156
91371 95219
17393 90902
60129 76268
52030 98876
75496 99294
18363 87602
12075 78005
95986 97341
79003 85515
67571 87117
96572 99030
54361 82480
34211 64041
92780 98104
28759 52768
68790 93174
68844 73758
38516 41875
86493 94024
29170 62029
90196 99738
27423 99667
84063 88929
67152 92447
64764 77926
3247 56527
91519 99381
17753 26381
20719 48393
27414 95663
50499 51531
78887 93899
94634 98563
15048 99532
23871 43441
16304 29194
36539 69199
67739 79112
30966 41479
